[[0.5     0.5     0.5    ]
 [0.49377 0.60545 0.476  ]
 [0.49045 0.70638 0.45603]
 [0.46477 0.74963 0.432  ]
 [0.54359 0.67398 0.45017]
 [0.58947 0.70389 0.52264]
 [0.62604 0.73462 0.5797 ]
 [0.6296  0.73974 0.59861]
 [0.46802 0.67924 0.51546]
 [0.52695 0.69795 0.56351]
 [0.60777 0.72837 0.59331]
 [0.629   0.73877 0.59896]
 [0.52981 0.49901 0.49135]
 [0.54804 0.37061 0.51395]
 [0.55564 0.24853 0.51656]
 [0.54756 0.24301 0.55691]
 [0.48936 0.50303 0.52917]
 [0.49359 0.38078 0.57136]
 [0.48151 0.27666 0.58937]
 [0.51812 0.27238 0.62976]
 [0.49076 0.68173 0.46034]
 [0.64609 0.74575 0.61406]
 [0.6429  0.72922 0.60686]
 [0.65431 0.74412 0.61069]
 [0.62953 0.75452 0.60269]]