[[0.48372358 0.47031713 0.50506914]
 [0.48483166 0.59878284 0.4572233 ]
 [0.5034993  0.7084828  0.44998974]
 [0.50045085 0.7441727  0.43926278]
 [0.5333189  0.66635394 0.46527034]
 [0.5831978  0.59747946 0.48360744]
 [0.5848829  0.6513181  0.5532986 ]
 [0.6038102  0.6404753  0.5625164 ]
 [0.4680625  0.6496044  0.48380098]
 [0.47148776 0.60607034 0.529177  ]
 [0.5043862  0.62088394 0.5673803 ]
 [0.5107818  0.6453968  0.58203626]
 [0.5085731  0.49844125 0.5028362 ]
 [0.52421486 0.38024592 0.49205625]
 [0.5257496  0.2618325  0.50106746]
 [0.5364934  0.23393032 0.5216648 ]
 [0.48424086 0.5092419  0.5193407 ]
 [0.472716   0.3649698  0.531247  ]
 [0.48942974 0.24815029 0.52649575]
 [0.48100206 0.215675   0.5647669 ]
 [0.48398164 0.6634878  0.4481194 ]
 [0.6180722  0.66373    0.5982192 ]
 [0.6069762  0.66411924 0.57109743]
 [0.50324154 0.639109   0.58894235]
 [0.5047338  0.63528085 0.5781655 ]]