tensor([[0.5000, 0.5000, 0.5000,  ..., 0.5000, 0.6825, 0.6323],
        [0.5000, 0.5000, 0.5000,  ..., 0.4976, 0.6797, 0.6333],
        [0.5000, 0.5000, 0.5000,  ..., 0.4906, 0.6731, 0.6381],
        ...,
        [0.5000, 0.5000, 0.5000,  ..., 0.4776, 0.5808, 0.4339],
        [0.5000, 0.5000, 0.5000,  ..., 0.5105, 0.5661, 0.4193],
        [0.5000, 0.5000, 0.5000,  ..., 0.5220, 0.6082, 0.4391]])
tensor([[0.5000, 0.5000, 0.5000,  ..., 0.4919, 0.6638, 0.5462],
        [0.5000, 0.5000, 0.5000,  ..., 0.4948, 0.6650, 0.5576],
        [0.5000, 0.5000, 0.5000,  ..., 0.4947, 0.6722, 0.5686],
        ...,
        [0.5000, 0.5000, 0.5000,  ..., 0.4586, 0.6827, 0.5909],
        [0.5000, 0.5000, 0.5000,  ..., 0.5039, 0.6883, 0.6257],
        [0.5000, 0.5000, 0.5000,  ..., 0.5022, 0.6969, 0.6232]])
tensor([[0.5000, 0.5000, 0.5000,  ..., 0.4628, 0.6944, 0.6006],
        [0.5000, 0.5000, 0.5000,  ..., 0.4582, 0.7068, 0.6082],
        [0.5000, 0.5000, 0.5000,  ..., 0.4671, 0.6875, 0.5985],
        ...,
        [0.5000, 0.5000, 0.5000,  ..., 0.4943, 0.6644, 0.5465],
        [0.5000, 0.5000, 0.5000,  ..., 0.4926, 0.6658, 0.5479],
        [0.5000, 0.5000, 0.5000,  ..., 0.4914, 0.6663, 0.5513]])
tensor([[0.5000, 0.5000, 0.5000,  ..., 0.4842, 0.7018, 0.6399],
        [0.5000, 0.5000, 0.5000,  ..., 0.4794, 0.7067, 0.6377],
        [0.5000, 0.5000, 0.5000,  ..., 0.4881, 0.6979, 0.6415],
        ...,
        [0.5000, 0.5000, 0.5000,  ..., 0.4976, 0.7077, 0.5490],
        [0.5000, 0.5000, 0.5000,  ..., 0.5074, 0.7112, 0.5589],
        [0.5000, 0.5000, 0.5000,  ..., 0.4633, 0.6941, 0.5928]])
tensor([[0.5000, 0.5000, 0.5000,  ..., 0.4832, 0.5579, 0.5209],
        [0.5000, 0.5000, 0.5000,  ..., 0.4796, 0.5394, 0.5255],
        [0.5000, 0.5000, 0.5000,  ..., 0.4796, 0.5394, 0.5255],
        ...,
        [0.5000, 0.5000, 0.5000,  ..., 0.4939, 0.6981, 0.6396],
        [0.5000, 0.5000, 0.5000,  ..., 0.4854, 0.6991, 0.6415],
        [0.5000, 0.5000, 0.5000,  ..., 0.4912, 0.6892, 0.6485]])
tensor([[0.5000, 0.5000, 0.5000,  ..., 0.4574, 0.5938, 0.5430],
        [0.5000, 0.5000, 0.5000,  ..., 0.4708, 0.5571, 0.5243],
        [0.5000, 0.5000, 0.5000,  ..., 0.4702, 0.5593, 0.5224],
        ...,
        [0.5000, 0.5000, 0.5000,  ..., 0.4812, 0.5640, 0.5197],
        [0.5000, 0.5000, 0.5000,  ..., 0.4847, 0.5735, 0.5194],
        [0.5000, 0.5000, 0.5000,  ..., 0.4869, 0.5672, 0.5207]])
tensor([[0.5000, 0.5000, 0.5000,  ..., 0.4628, 0.5764, 0.5156],
        [0.5000, 0.5000, 0.5000,  ..., 0.4626, 0.5768, 0.5164],
        [0.5000, 0.5000, 0.5000,  ..., 0.4623, 0.5784, 0.5168],
        ...,
        [0.5000, 0.5000, 0.5000,  ..., 0.4827, 0.5799, 0.5208],
        [0.5000, 0.5000, 0.5000,  ..., 0.4793, 0.5750, 0.5201],
        [0.5000, 0.5000, 0.5000,  ..., 0.4594, 0.5599, 0.4848]])
tensor([[0.5000, 0.5000, 0.5000,  ..., 0.5634, 0.6651, 0.6459],
        [0.5000, 0.5000, 0.5000,  ..., 0.5742, 0.6651, 0.6519],
        [0.5000, 0.5000, 0.5000,  ..., 0.5968, 0.6610, 0.6285],
        ...,
        [0.5000, 0.5000, 0.5000,  ..., 0.5105, 0.5243, 0.5293],
        [0.5000, 0.5000, 0.5000,  ..., 0.5015, 0.5354, 0.5350],
        [0.5000, 0.5000, 0.5000,  ..., 0.5030, 0.5336, 0.5321]])
tensor([[0.5000, 0.5000, 0.5000,  ..., 0.4863, 0.6452, 0.5969],
        [0.5000, 0.5000, 0.5000,  ..., 0.4786, 0.6456, 0.5992],
        [0.5000, 0.5000, 0.5000,  ..., 0.4725, 0.6495, 0.6031],
        ...,
        [0.5000, 0.5000, 0.5000,  ..., 0.4986, 0.6250, 0.5666],
        [0.5000, 0.5000, 0.5000,  ..., 0.4887, 0.6345, 0.5860],
        [0.5000, 0.5000, 0.5000,  ..., 0.4420, 0.6172, 0.5864]])
tensor([[0.5000, 0.5000, 0.5000,  ..., 0.5119, 0.6450, 0.5857],
        [0.5000, 0.5000, 0.5000,  ..., 0.5073, 0.6580, 0.5894],
        [0.5000, 0.5000, 0.5000,  ..., 0.5068, 0.6607, 0.5925],
        ...,
        [0.5000, 0.5000, 0.5000,  ..., 0.5318, 0.6247, 0.5680],
        [0.5000, 0.5000, 0.5000,  ..., 0.5379, 0.6244, 0.5644],
        [0.5000, 0.5000, 0.5000,  ..., 0.5092, 0.6565, 0.5907]])
tensor([[0.5000, 0.5000, 0.5000,  ..., 0.5891, 0.6345, 0.7046],
        [0.5000, 0.5000, 0.5000,  ..., 0.5877, 0.6283, 0.7081],
        [0.5000, 0.5000, 0.5000,  ..., 0.5041, 0.6560, 0.6039],
        ...,
        [0.5000, 0.5000, 0.5000,  ..., 0.5397, 0.6396, 0.7254],
        [0.5000, 0.5000, 0.5000,  ..., 0.4909, 0.6562, 0.6434],
        [0.5000, 0.5000, 0.5000,  ..., 0.4925, 0.6626, 0.6070]])
tensor([[0.5000, 0.5000, 0.5000,  ..., 0.4631, 0.5515, 0.5239],
        [0.5000, 0.5000, 0.5000,  ..., 0.4619, 0.5508, 0.5228],
        [0.5000, 0.5000, 0.5000,  ..., 0.4586, 0.5506, 0.5216],
        ...,
        [0.5000, 0.5000, 0.5000,  ..., 0.5893, 0.6364, 0.7066],
        [0.5000, 0.5000, 0.5000,  ..., 0.5896, 0.6354, 0.7074],
        [0.5000, 0.5000, 0.5000,  ..., 0.5887, 0.6353, 0.7057]])
tensor([[0.5000, 0.5000, 0.5000,  ..., 0.4933, 0.6158, 0.5856],
        [0.5000, 0.5000, 0.5000,  ..., 0.5040, 0.6314, 0.5906],
        [0.5000, 0.5000, 0.5000,  ..., 0.4829, 0.6475, 0.5893],
        ...,
        [0.5000, 0.5000, 0.5000,  ..., 0.5578, 0.6219, 0.7151],
        [0.5000, 0.5000, 0.5000,  ..., 0.5485, 0.6221, 0.6526],
        [0.5000, 0.5000, 0.5000,  ..., 0.5056, 0.6298, 0.6016]])
tensor([[0.5000, 0.5000, 0.5000,  ..., 0.5039, 0.6476, 0.5834],
        [0.5000, 0.5000, 0.5000,  ..., 0.5087, 0.6411, 0.5806],
        [0.5000, 0.5000, 0.5000,  ..., 0.5135, 0.6372, 0.5781],
        ...,
        [0.5000, 0.5000, 0.5000,  ..., 0.4990, 0.6225, 0.5953],
        [0.5000, 0.5000, 0.5000,  ..., 0.4949, 0.6210, 0.5938],
        [0.5000, 0.5000, 0.5000,  ..., 0.4949, 0.6154, 0.5884]])
tensor([[0.5000, 0.5000, 0.5000,  ..., 0.5933, 0.6934, 0.6257],
        [0.5000, 0.5000, 0.5000,  ..., 0.5872, 0.6913, 0.6243],
        [0.5000, 0.5000, 0.5000,  ..., 0.5912, 0.6935, 0.6268],
        ...,
        [0.5000, 0.5000, 0.5000,  ..., 0.4934, 0.6556, 0.5834],
        [0.5000, 0.5000, 0.5000,  ..., 0.5086, 0.6542, 0.5908],
        [0.5000, 0.5000, 0.5000,  ..., 0.5050, 0.6504, 0.5790]])
tensor([[0.5000, 0.5000, 0.5000,  ..., 0.5899, 0.6936, 0.6328],
        [0.5000, 0.5000, 0.5000,  ..., 0.5863, 0.6937, 0.6303],
        [0.5000, 0.5000, 0.5000,  ..., 0.5854, 0.6934, 0.6274],
        ...,
        [0.5000, 0.5000, 0.5000,  ..., 0.5014, 0.6988, 0.6391],
        [0.5000, 0.5000, 0.5000,  ..., 0.4965, 0.6986, 0.6369],
        [0.5000, 0.5000, 0.5000,  ..., 0.4904, 0.6913, 0.6245]])
tensor([[0.5000, 0.5000, 0.5000,  ..., 0.4872, 0.5280, 0.5770],
        [0.5000, 0.5000, 0.5000,  ..., 0.4927, 0.5354, 0.5710],
        [0.5000, 0.5000, 0.5000,  ..., 0.4721, 0.5150, 0.5542],
        ...,
        [0.5000, 0.5000, 0.5000,  ..., 0.3748, 0.4797, 0.5626],
        [0.5000, 0.5000, 0.5000,  ..., 0.3752, 0.4794, 0.5614],
        [0.5000, 0.5000, 0.5000,  ..., 0.3754, 0.4800, 0.5609]])
tensor([[0.5000, 0.5000, 0.5000,  ..., 0.5584, 0.7028, 0.6307],
        [0.5000, 0.5000, 0.5000,  ..., 0.5586, 0.7005, 0.6143],
        [0.5000, 0.5000, 0.5000,  ..., 0.5564, 0.6973, 0.6123],
        ...,
        [0.5000, 0.5000, 0.5000,  ..., 0.3898, 0.5058, 0.6057],
        [0.5000, 0.5000, 0.5000,  ..., 0.4217, 0.4905, 0.5922],
        [0.5000, 0.5000, 0.5000,  ..., 0.4442, 0.4928, 0.5616]])
tensor([[0.5000, 0.5000, 0.5000,  ..., 0.3607, 0.6529, 0.5532],
        [0.5000, 0.5000, 0.5000,  ..., 0.4104, 0.7254, 0.5233],
        [0.5000, 0.5000, 0.5000,  ..., 0.4210, 0.7336, 0.5271],
        ...,
        [0.5000, 0.5000, 0.5000,  ..., 0.5600, 0.6446, 0.5714],
        [0.5000, 0.5000, 0.5000,  ..., 0.5654, 0.6748, 0.6168],
        [0.5000, 0.5000, 0.5000,  ..., 0.5581, 0.6811, 0.6141]])
tensor([[0.5000, 0.5000, 0.5000,  ..., 0.5141, 0.6252, 0.6297],
        [0.5000, 0.5000, 0.5000,  ..., 0.5088, 0.6181, 0.6189],
        [0.5000, 0.5000, 0.5000,  ..., 0.5045, 0.6024, 0.6223],
        ...,
        [0.5000, 0.5000, 0.5000,  ..., 0.3533, 0.6319, 0.5566],
        [0.5000, 0.5000, 0.5000,  ..., 0.3716, 0.6404, 0.5607],
        [0.5000, 0.5000, 0.5000,  ..., 0.3637, 0.6516, 0.5667]])
tensor([[0.5000, 0.5000, 0.5000,  ..., 0.5217, 0.6637, 0.6818],
        [0.5000, 0.5000, 0.5000,  ..., 0.5215, 0.6612, 0.6860],
        [0.5000, 0.5000, 0.5000,  ..., 0.5181, 0.6564, 0.6894],
        ...,
        [0.5000, 0.5000, 0.5000,  ..., 0.5937, 0.6734, 0.6361],
        [0.5000, 0.5000, 0.5000,  ..., 0.5202, 0.6248, 0.6419],
        [0.5000, 0.5000, 0.5000,  ..., 0.5143, 0.6176, 0.6388]])
tensor([[0.5000, 0.5000, 0.5000,  ..., 0.5546, 0.6769, 0.6660],
        [0.5000, 0.5000, 0.5000,  ..., 0.5581, 0.6799, 0.6729],
        [0.5000, 0.5000, 0.5000,  ..., 0.5645, 0.6824, 0.6671],
        ...,
        [0.5000, 0.5000, 0.5000,  ..., 0.5389, 0.6714, 0.6417],
        [0.5000, 0.5000, 0.5000,  ..., 0.5342, 0.6668, 0.6547],
        [0.5000, 0.5000, 0.5000,  ..., 0.5247, 0.6644, 0.6813]])
tensor([[0.5000, 0.5000, 0.5000,  ..., 0.4785, 0.6045, 0.6371],
        [0.5000, 0.5000, 0.5000,  ..., 0.4867, 0.6124, 0.6445],
        [0.5000, 0.5000, 0.5000,  ..., 0.4943, 0.6365, 0.6621],
        ...,
        [0.5000, 0.5000, 0.5000,  ..., 0.5242, 0.7104, 0.6306],
        [0.5000, 0.5000, 0.5000,  ..., 0.5703, 0.6883, 0.6664],
        [0.5000, 0.5000, 0.5000,  ..., 0.5538, 0.6762, 0.6783]])
tensor([[0.5000, 0.5000, 0.5000,  ..., 0.5029, 0.7009, 0.6598],
        [0.5000, 0.5000, 0.5000,  ..., 0.5019, 0.7033, 0.6621],
        [0.5000, 0.5000, 0.5000,  ..., 0.5003, 0.7047, 0.6636],
        ...,
        [0.5000, 0.5000, 0.5000,  ..., 0.5662, 0.7753, 0.6069],
        [0.5000, 0.5000, 0.5000,  ..., 0.5667, 0.7739, 0.6114],
        [0.5000, 0.5000, 0.5000,  ..., 0.5683, 0.7731, 0.6117]])
tensor([[0.5000, 0.5000, 0.5000,  ..., 0.3817, 0.6404, 0.5974],
        [0.5000, 0.5000, 0.5000,  ..., 0.3999, 0.6592, 0.6120],
        [0.5000, 0.5000, 0.5000,  ..., 0.4179, 0.6700, 0.6128],
        ...,
        [0.5000, 0.5000, 0.5000,  ..., 0.4541, 0.6569, 0.4899],
        [0.5000, 0.5000, 0.5000,  ..., 0.4544, 0.6567, 0.4902],
        [0.5000, 0.5000, 0.5000,  ..., 0.4557, 0.6568, 0.4902]])
tensor([[0.5000, 0.5000, 0.5000,  ..., 0.4755, 0.5699, 0.4910],
        [0.5000, 0.5000, 0.5000,  ..., 0.4791, 0.5731, 0.4898],
        [0.5000, 0.5000, 0.5000,  ..., 0.4808, 0.5744, 0.4892],
        ...,
        [0.5000, 0.5000, 0.5000,  ..., 0.3825, 0.6821, 0.5951],
        [0.5000, 0.5000, 0.5000,  ..., 0.3820, 0.6789, 0.5879],
        [0.5000, 0.5000, 0.5000,  ..., 0.3634, 0.5566, 0.5772]])
tensor([[0.5000, 0.5000, 0.5000,  ..., 0.4057, 0.6536, 0.5989],
        [0.5000, 0.5000, 0.5000,  ..., 0.4068, 0.6547, 0.5993],
        [0.5000, 0.5000, 0.5000,  ..., 0.4490, 0.6631, 0.5725],
        ...,
        [0.5000, 0.5000, 0.5000,  ..., 0.4864, 0.5553, 0.5347],
        [0.5000, 0.5000, 0.5000,  ..., 0.4864, 0.5558, 0.5337],
        [0.5000, 0.5000, 0.5000,  ..., 0.4888, 0.5571, 0.5344]])
tensor([[0.5000, 0.5000, 0.5000,  ..., 0.3820, 0.6759, 0.5870],
        [0.5000, 0.5000, 0.5000,  ..., 0.3863, 0.6583, 0.5968],
        [0.5000, 0.5000, 0.5000,  ..., 0.3779, 0.6603, 0.5997],
        ...,
        [0.5000, 0.5000, 0.5000,  ..., 0.4398, 0.6554, 0.5932],
        [0.5000, 0.5000, 0.5000,  ..., 0.4501, 0.6607, 0.5783],
        [0.5000, 0.5000, 0.5000,  ..., 0.4437, 0.6675, 0.5739]])
tensor([[0.5000, 0.5000, 0.5000,  ..., 0.4731, 0.6502, 0.5690],
        [0.5000, 0.5000, 0.5000,  ..., 0.4779, 0.6411, 0.5691],
        [0.5000, 0.5000, 0.5000,  ..., 0.4855, 0.6302, 0.5701],
        ...,
        [0.5000, 0.5000, 0.5000,  ..., 0.3747, 0.6579, 0.5950],
        [0.5000, 0.5000, 0.5000,  ..., 0.3474, 0.5728, 0.5652],
        [0.5000, 0.5000, 0.5000,  ..., 0.3504, 0.5678, 0.5593]])
tensor([[0.5000, 0.5000, 0.5000,  ..., 0.5103, 0.5209, 0.5396],
        [0.5000, 0.5000, 0.5000,  ..., 0.5108, 0.5229, 0.5390],
        [0.5000, 0.5000, 0.5000,  ..., 0.4957, 0.5492, 0.5472],
        ...,
        [0.5000, 0.5000, 0.5000,  ..., 0.4770, 0.6447, 0.5642],
        [0.5000, 0.5000, 0.5000,  ..., 0.4752, 0.6465, 0.5657],
        [0.5000, 0.5000, 0.5000,  ..., 0.4749, 0.6470, 0.5660]])
tensor([[0.5000, 0.5000, 0.5000,  ..., 0.5572, 0.6593, 0.5447],
        [0.5000, 0.5000, 0.5000,  ..., 0.5435, 0.6622, 0.5492],
        [0.5000, 0.5000, 0.5000,  ..., 0.5423, 0.6626, 0.5527],
        ...,
        [0.5000, 0.5000, 0.5000,  ..., 0.5102, 0.5204, 0.5405],
        [0.5000, 0.5000, 0.5000,  ..., 0.5098, 0.5196, 0.5404],
        [0.5000, 0.5000, 0.5000,  ..., 0.5102, 0.5201, 0.5401]])
tensor([[0.5000, 0.5000, 0.5000,  ..., 0.4208, 0.6793, 0.5769],
        [0.5000, 0.5000, 0.5000,  ..., 0.4128, 0.6860, 0.5733],
        [0.5000, 0.5000, 0.5000,  ..., 0.4059, 0.6778, 0.5718],
        ...,
        [0.5000, 0.5000, 0.5000,  ..., 0.5447, 0.6708, 0.5533],
        [0.5000, 0.5000, 0.5000,  ..., 0.5581, 0.6652, 0.5399],
        [0.5000, 0.5000, 0.5000,  ..., 0.5572, 0.6608, 0.5472]])
tensor([[0.5000, 0.5000, 0.5000,  ..., 0.4753, 0.6937, 0.5761],
        [0.5000, 0.5000, 0.5000,  ..., 0.5077, 0.6884, 0.5980],
        [0.5000, 0.5000, 0.5000,  ..., 0.4769, 0.6944, 0.5747],
        ...,
        [0.5000, 0.5000, 0.5000,  ..., 0.4416, 0.6855, 0.5865],
        [0.5000, 0.5000, 0.5000,  ..., 0.4397, 0.6858, 0.5848],
        [0.5000, 0.5000, 0.5000,  ..., 0.4313, 0.6797, 0.5820]])
tensor([[0.5000, 0.5000, 0.5000,  ..., 0.4386, 0.5019, 0.5408],
        [0.5000, 0.5000, 0.5000,  ..., 0.4369, 0.4961, 0.5400],
        [0.5000, 0.5000, 0.5000,  ..., 0.4352, 0.4950, 0.5355],
        ...,
        [0.5000, 0.5000, 0.5000,  ..., 0.4780, 0.6907, 0.5777],
        [0.5000, 0.5000, 0.5000,  ..., 0.4766, 0.6907, 0.5779],
        [0.5000, 0.5000, 0.5000,  ..., 0.4769, 0.6907, 0.5772]])
tensor([[0.5000, 0.5000, 0.5000,  ..., 0.5954, 0.7366, 0.6061],
        [0.5000, 0.5000, 0.5000,  ..., 0.5965, 0.7375, 0.6070],
        [0.5000, 0.5000, 0.5000,  ..., 0.6281, 0.7372, 0.6157],
        ...,
        [0.5000, 0.5000, 0.5000,  ..., 0.4321, 0.5759, 0.6175],
        [0.5000, 0.5000, 0.5000,  ..., 0.4290, 0.5871, 0.6175],
        [0.5000, 0.5000, 0.5000,  ..., 0.4286, 0.5893, 0.6175]])
tensor([[0.5000, 0.5000, 0.5000,  ..., 0.4117, 0.6572, 0.5827],
        [0.5000, 0.5000, 0.5000,  ..., 0.3962, 0.6841, 0.6183],
        [0.5000, 0.5000, 0.5000,  ..., 0.3925, 0.6652, 0.6022],
        ...,
        [0.5000, 0.5000, 0.5000,  ..., 0.4761, 0.6161, 0.5092],
        [0.5000, 0.5000, 0.5000,  ..., 0.4759, 0.6162, 0.5088],
        [0.5000, 0.5000, 0.5000,  ..., 0.4762, 0.6164, 0.5091]])
tensor([[0.5000, 0.5000, 0.5000,  ..., 0.4215, 0.6688, 0.5922],
        [0.5000, 0.5000, 0.5000,  ..., 0.4193, 0.6743, 0.5913],
        [0.5000, 0.5000, 0.5000,  ..., 0.4312, 0.6787, 0.5942],
        ...,
        [0.5000, 0.5000, 0.5000,  ..., 0.4261, 0.6122, 0.5628],
        [0.5000, 0.5000, 0.5000,  ..., 0.4142, 0.6459, 0.5723],
        [0.5000, 0.5000, 0.5000,  ..., 0.4159, 0.6512, 0.5793]])
tensor([[0.5000, 0.5000, 0.5000,  ..., 0.4339, 0.6082, 0.5731],
        [0.5000, 0.5000, 0.5000,  ..., 0.4421, 0.6083, 0.5718],
        [0.5000, 0.5000, 0.5000,  ..., 0.4376, 0.6221, 0.5896],
        ...,
        [0.5000, 0.5000, 0.5000,  ..., 0.4542, 0.6385, 0.5909],
        [0.5000, 0.5000, 0.5000,  ..., 0.4438, 0.6531, 0.5969],
        [0.5000, 0.5000, 0.5000,  ..., 0.4335, 0.6612, 0.5951]])
tensor([[0.5000, 0.5000, 0.5000,  ..., 0.3786, 0.6128, 0.5088],
        [0.5000, 0.5000, 0.5000,  ..., 0.3817, 0.6134, 0.5112],
        [0.5000, 0.5000, 0.5000,  ..., 0.3816, 0.6156, 0.5138],
        ...,
        [0.5000, 0.5000, 0.5000,  ..., 0.4226, 0.6380, 0.5769],
        [0.5000, 0.5000, 0.5000,  ..., 0.4269, 0.6129, 0.5651],
        [0.5000, 0.5000, 0.5000,  ..., 0.4297, 0.6132, 0.5701]])
tensor([[0.5000, 0.5000, 0.5000,  ..., 0.3787, 0.6402, 0.5847],
        [0.5000, 0.5000, 0.5000,  ..., 0.3806, 0.6470, 0.5865],
        [0.5000, 0.5000, 0.5000,  ..., 0.3807, 0.6556, 0.5864],
        ...,
        [0.5000, 0.5000, 0.5000,  ..., 0.3652, 0.5874, 0.5386],
        [0.5000, 0.5000, 0.5000,  ..., 0.3511, 0.5942, 0.5400],
        [0.5000, 0.5000, 0.5000,  ..., 0.3393, 0.6191, 0.5090]])
tensor([[0.5000, 0.5000, 0.5000,  ..., 0.4082, 0.7239, 0.5600],
        [0.5000, 0.5000, 0.5000,  ..., 0.4101, 0.7229, 0.5610],
        [0.5000, 0.5000, 0.5000,  ..., 0.4118, 0.7192, 0.5589],
        ...,
        [0.5000, 0.5000, 0.5000,  ..., 0.3838, 0.6107, 0.5860],
        [0.5000, 0.5000, 0.5000,  ..., 0.3831, 0.6456, 0.5812],
        [0.5000, 0.5000, 0.5000,  ..., 0.3781, 0.6415, 0.5815]])
tensor([[0.5000, 0.5000, 0.5000,  ..., 0.6306, 0.7546, 0.6031],
        [0.5000, 0.5000, 0.5000,  ..., 0.6295, 0.7545, 0.6027],
        [0.5000, 0.5000, 0.5000,  ..., 0.6286, 0.7534, 0.6056],
        ...,
        [0.5000, 0.5000, 0.5000,  ..., 0.4063, 0.7263, 0.5557],
        [0.5000, 0.5000, 0.5000,  ..., 0.4123, 0.7139, 0.5636],
        [0.5000, 0.5000, 0.5000,  ..., 0.4034, 0.7280, 0.5528]])
tensor([[0.5000, 0.5000, 0.5000,  ..., 0.4679, 0.5356, 0.4678],
        [0.5000, 0.5000, 0.5000,  ..., 0.4347, 0.5960, 0.4504],
        [0.5000, 0.5000, 0.5000,  ..., 0.4334, 0.5577, 0.4650],
        ...,
        [0.5000, 0.5000, 0.5000,  ..., 0.4714, 0.6188, 0.4958],
        [0.5000, 0.5000, 0.5000,  ..., 0.4899, 0.6100, 0.5093],
        [0.5000, 0.5000, 0.5000,  ..., 0.4788, 0.6153, 0.5009]])
tensor([[0.5000, 0.5000, 0.5000,  ..., 0.4467, 0.6750, 0.6457],
        [0.5000, 0.5000, 0.5000,  ..., 0.4217, 0.6723, 0.5897],
        [0.5000, 0.5000, 0.5000,  ..., 0.4484, 0.6511, 0.5688],
        ...,
        [0.5000, 0.5000, 0.5000,  ..., 0.4797, 0.5226, 0.4729],
        [0.5000, 0.5000, 0.5000,  ..., 0.4791, 0.5237, 0.4725],
        [0.5000, 0.5000, 0.5000,  ..., 0.4789, 0.5247, 0.4720]])
tensor([[0.5000, 0.5000, 0.5000,  ..., 0.3938, 0.6735, 0.5969],
        [0.5000, 0.5000, 0.5000,  ..., 0.3927, 0.6739, 0.5948],
        [0.5000, 0.5000, 0.5000,  ..., 0.3928, 0.6700, 0.5969],
        ...,
        [0.5000, 0.5000, 0.5000,  ..., 0.3255, 0.6167, 0.6243],
        [0.5000, 0.5000, 0.5000,  ..., 0.4046, 0.6979, 0.6018],
        [0.5000, 0.5000, 0.5000,  ..., 0.3843, 0.6635, 0.5845]])
tensor([[0.5000, 0.5000, 0.5000,  ..., 0.4577, 0.5984, 0.5071],
        [0.5000, 0.5000, 0.5000,  ..., 0.4648, 0.5935, 0.5137],
        [0.5000, 0.5000, 0.5000,  ..., 0.4545, 0.5992, 0.5111],
        ...,
        [0.5000, 0.5000, 0.5000,  ..., 0.4243, 0.6665, 0.5869],
        [0.5000, 0.5000, 0.5000,  ..., 0.3788, 0.5585, 0.6082],
        [0.5000, 0.5000, 0.5000,  ..., 0.3714, 0.5597, 0.6080]])
tensor([[0.5000, 0.5000, 0.5000,  ..., 0.4523, 0.5354, 0.5470],
        [0.5000, 0.5000, 0.5000,  ..., 0.4510, 0.5371, 0.5452],
        [0.5000, 0.5000, 0.5000,  ..., 0.4496, 0.5375, 0.5431],
        ...,
        [0.5000, 0.5000, 0.5000,  ..., 0.4755, 0.5541, 0.5325],
        [0.5000, 0.5000, 0.5000,  ..., 0.4755, 0.5492, 0.5349],
        [0.5000, 0.5000, 0.5000,  ..., 0.4761, 0.5601, 0.5314]])
tensor([[0.5000, 0.5000, 0.5000,  ..., 0.6350, 0.7752, 0.6066],
        [0.5000, 0.5000, 0.5000,  ..., 0.6365, 0.7769, 0.6066],
        [0.5000, 0.5000, 0.5000,  ..., 0.6340, 0.7782, 0.6072],
        ...,
        [0.5000, 0.5000, 0.5000,  ..., 0.4635, 0.6816, 0.6021],
        [0.5000, 0.5000, 0.5000,  ..., 0.4731, 0.6753, 0.6012],
        [0.5000, 0.5000, 0.5000,  ..., 0.4676, 0.6773, 0.6032]])
tensor([[0.5000, 0.5000, 0.5000,  ..., 0.3950, 0.5381, 0.4658],
        [0.5000, 0.5000, 0.5000,  ..., 0.4135, 0.5244, 0.4660],
        [0.5000, 0.5000, 0.5000,  ..., 0.4521, 0.5150, 0.4558],
        ...,
        [0.5000, 0.5000, 0.5000,  ..., 0.6654, 0.5745, 0.5910],
        [0.5000, 0.5000, 0.5000,  ..., 0.6815, 0.6010, 0.5754],
        [0.5000, 0.5000, 0.5000,  ..., 0.6975, 0.6268, 0.5599]])
tensor([[0.5000, 0.5000, 0.5000,  ..., 0.5363, 0.7218, 0.5572],
        [0.5000, 0.5000, 0.5000,  ..., 0.5369, 0.7224, 0.5515],
        [0.5000, 0.5000, 0.5000,  ..., 0.5373, 0.7230, 0.5504],
        ...,
        [0.5000, 0.5000, 0.5000,  ..., 0.3428, 0.6007, 0.4850],
        [0.5000, 0.5000, 0.5000,  ..., 0.3471, 0.5826, 0.4782],
        [0.5000, 0.5000, 0.5000,  ..., 0.3744, 0.5507, 0.4799]])
tensor([[0.5000, 0.5000, 0.5000,  ..., 0.5670, 0.6955, 0.5715],
        [0.5000, 0.5000, 0.5000,  ..., 0.5633, 0.7053, 0.5639],
        [0.5000, 0.5000, 0.5000,  ..., 0.5585, 0.7152, 0.5597],
        ...,
        [0.5000, 0.5000, 0.5000,  ..., 0.5605, 0.6992, 0.5722],
        [0.5000, 0.5000, 0.5000,  ..., 0.5497, 0.7086, 0.5656],
        [0.5000, 0.5000, 0.5000,  ..., 0.5391, 0.7177, 0.5590]])
tensor([[0.5000, 0.5000, 0.5000,  ..., 0.5698, 0.6635, 0.6091],
        [0.5000, 0.5000, 0.5000,  ..., 0.5514, 0.6433, 0.6118],
        [0.5000, 0.5000, 0.5000,  ..., 0.5560, 0.6385, 0.6139],
        ...,
        [0.5000, 0.5000, 0.5000,  ..., 0.5658, 0.6336, 0.5816],
        [0.5000, 0.5000, 0.5000,  ..., 0.5756, 0.6615, 0.5828],
        [0.5000, 0.5000, 0.5000,  ..., 0.5737, 0.6804, 0.5767]])
tensor([[0.5000, 0.5000, 0.5000,  ..., 0.5897, 0.6556, 0.5876],
        [0.5000, 0.5000, 0.5000,  ..., 0.5950, 0.6637, 0.5878],
        [0.5000, 0.5000, 0.5000,  ..., 0.5977, 0.6699, 0.5898],
        ...,
        [0.5000, 0.5000, 0.5000,  ..., 0.6165, 0.7091, 0.5784],
        [0.5000, 0.5000, 0.5000,  ..., 0.6115, 0.6951, 0.5882],
        [0.5000, 0.5000, 0.5000,  ..., 0.5850, 0.6764, 0.5961]])
tensor([[0.5000, 0.5000, 0.5000,  ..., 0.6059, 0.5252, 0.6001],
        [0.5000, 0.5000, 0.5000,  ..., 0.6204, 0.5731, 0.5932],
        [0.5000, 0.5000, 0.5000,  ..., 0.6612, 0.6262, 0.5838],
        ...,
        [0.5000, 0.5000, 0.5000,  ..., 0.5871, 0.6514, 0.5859],
        [0.5000, 0.5000, 0.5000,  ..., 0.5980, 0.6589, 0.5707],
        [0.5000, 0.5000, 0.5000,  ..., 0.5831, 0.6452, 0.5828]])
tensor([[0.5000, 0.5000, 0.5000,  ..., 0.6358, 0.6820, 0.5275],
        [0.5000, 0.5000, 0.5000,  ..., 0.6198, 0.6689, 0.5546],
        [0.5000, 0.5000, 0.5000,  ..., 0.6203, 0.6762, 0.5576],
        ...,
        [0.5000, 0.5000, 0.5000,  ..., 0.5086, 0.5242, 0.5848],
        [0.5000, 0.5000, 0.5000,  ..., 0.5298, 0.5088, 0.5878],
        [0.5000, 0.5000, 0.5000,  ..., 0.5852, 0.5180, 0.6090]])
tensor([[0.5000, 0.5000, 0.5000,  ..., 0.5892, 0.5822, 0.5369],
        [0.5000, 0.5000, 0.5000,  ..., 0.5982, 0.5914, 0.5424],
        [0.5000, 0.5000, 0.5000,  ..., 0.6021, 0.6000, 0.5411],
        ...,
        [0.5000, 0.5000, 0.5000,  ..., 0.6353, 0.7286, 0.5137],
        [0.5000, 0.5000, 0.5000,  ..., 0.6315, 0.7057, 0.5230],
        [0.5000, 0.5000, 0.5000,  ..., 0.6130, 0.6784, 0.5336]])
tensor([[0.5000, 0.5000, 0.5000,  ..., 0.5639, 0.7050, 0.6506],
        [0.5000, 0.5000, 0.5000,  ..., 0.5668, 0.6885, 0.6437],
        [0.5000, 0.5000, 0.5000,  ..., 0.5495, 0.6923, 0.6537],
        ...,
        [0.5000, 0.5000, 0.5000,  ..., 0.5297, 0.6212, 0.5394],
        [0.5000, 0.5000, 0.5000,  ..., 0.5336, 0.6046, 0.5490],
        [0.5000, 0.5000, 0.5000,  ..., 0.5369, 0.5877, 0.5657]])
tensor([[0.5000, 0.5000, 0.5000,  ..., 0.3952, 0.4945, 0.5429],
        [0.5000, 0.5000, 0.5000,  ..., 0.3958, 0.4941, 0.5378],
        [0.5000, 0.5000, 0.5000,  ..., 0.3903, 0.4985, 0.5385],
        ...,
        [0.5000, 0.5000, 0.5000,  ..., 0.5066, 0.6976, 0.5029],
        [0.5000, 0.5000, 0.5000,  ..., 0.5044, 0.6975, 0.5011],
        [0.5000, 0.5000, 0.5000,  ..., 0.5104, 0.6882, 0.5145]])
tensor([[0.5000, 0.5000, 0.5000,  ..., 0.5211, 0.7214, 0.7053],
        [0.5000, 0.5000, 0.5000,  ..., 0.5241, 0.7222, 0.6996],
        [0.5000, 0.5000, 0.5000,  ..., 0.5247, 0.7164, 0.6954],
        ...,
        [0.5000, 0.5000, 0.5000,  ..., 0.4157, 0.5020, 0.5715],
        [0.5000, 0.5000, 0.5000,  ..., 0.4060, 0.5083, 0.5506],
        [0.5000, 0.5000, 0.5000,  ..., 0.3974, 0.4973, 0.5527]])
tensor([[0.5000, 0.5000, 0.5000,  ..., 0.5343, 0.5921, 0.5572],
        [0.5000, 0.5000, 0.5000,  ..., 0.5335, 0.5888, 0.5550],
        [0.5000, 0.5000, 0.5000,  ..., 0.5337, 0.5890, 0.5548],
        ...,
        [0.5000, 0.5000, 0.5000,  ..., 0.5033, 0.6726, 0.6835],
        [0.5000, 0.5000, 0.5000,  ..., 0.5132, 0.7314, 0.6977],
        [0.5000, 0.5000, 0.5000,  ..., 0.5232, 0.7210, 0.7049]])
tensor([[0.5000, 0.5000, 0.5000,  ..., 0.5397, 0.6241, 0.5599],
        [0.5000, 0.5000, 0.5000,  ..., 0.5389, 0.6267, 0.5596],
        [0.5000, 0.5000, 0.5000,  ..., 0.5389, 0.6290, 0.5586],
        ...,
        [0.5000, 0.5000, 0.5000,  ..., 0.5389, 0.5956, 0.5612],
        [0.5000, 0.5000, 0.5000,  ..., 0.5351, 0.5946, 0.5586],
        [0.5000, 0.5000, 0.5000,  ..., 0.5340, 0.5934, 0.5581]])
tensor([[0.5000, 0.5000, 0.5000,  ..., 0.5210, 0.5538, 0.5656],
        [0.5000, 0.5000, 0.5000,  ..., 0.5083, 0.5452, 0.5693],
        [0.5000, 0.5000, 0.5000,  ..., 0.5094, 0.5491, 0.5685],
        ...,
        [0.5000, 0.5000, 0.5000,  ..., 0.5480, 0.6192, 0.5575],
        [0.5000, 0.5000, 0.5000,  ..., 0.5513, 0.6203, 0.5549],
        [0.5000, 0.5000, 0.5000,  ..., 0.5481, 0.6208, 0.5577]])
tensor([[0.5000, 0.5000, 0.5000,  ..., 0.4521, 0.4989, 0.5492],
        [0.5000, 0.5000, 0.5000,  ..., 0.4529, 0.4982, 0.5506],
        [0.5000, 0.5000, 0.5000,  ..., 0.4546, 0.4972, 0.5513],
        ...,
        [0.5000, 0.5000, 0.5000,  ..., 0.5299, 0.5591, 0.5646],
        [0.5000, 0.5000, 0.5000,  ..., 0.5196, 0.5545, 0.5656],
        [0.5000, 0.5000, 0.5000,  ..., 0.5128, 0.5517, 0.5660]])
tensor([[0.5000, 0.5000, 0.5000,  ..., 0.5562, 0.6066, 0.5388],
        [0.5000, 0.5000, 0.5000,  ..., 0.5565, 0.6068, 0.5383],
        [0.5000, 0.5000, 0.5000,  ..., 0.5452, 0.6184, 0.5387],
        ...,
        [0.5000, 0.5000, 0.5000,  ..., 0.4515, 0.5005, 0.5468],
        [0.5000, 0.5000, 0.5000,  ..., 0.4508, 0.5007, 0.5470],
        [0.5000, 0.5000, 0.5000,  ..., 0.4516, 0.4991, 0.5491]])
tensor([[0.5000, 0.5000, 0.5000,  ..., 0.4554, 0.5074, 0.5741],
        [0.5000, 0.5000, 0.5000,  ..., 0.4540, 0.5069, 0.5731],
        [0.5000, 0.5000, 0.5000,  ..., 0.4547, 0.5073, 0.5744],
        ...,
        [0.5000, 0.5000, 0.5000,  ..., 0.5592, 0.6099, 0.5393],
        [0.5000, 0.5000, 0.5000,  ..., 0.5490, 0.6183, 0.5416],
        [0.5000, 0.5000, 0.5000,  ..., 0.5574, 0.6072, 0.5431]])
tensor([[0.5000, 0.5000, 0.5000,  ..., 0.4259, 0.7225, 0.6267],
        [0.5000, 0.5000, 0.5000,  ..., 0.4188, 0.7233, 0.6260],
        [0.5000, 0.5000, 0.5000,  ..., 0.4191, 0.7157, 0.6262],
        ...,
        [0.5000, 0.5000, 0.5000,  ..., 0.4500, 0.5004, 0.5714],
        [0.5000, 0.5000, 0.5000,  ..., 0.4521, 0.5026, 0.5729],
        [0.5000, 0.5000, 0.5000,  ..., 0.4534, 0.5038, 0.5733]])
tensor([[0.5000, 0.5000, 0.5000,  ..., 0.5144, 0.6585, 0.5889],
        [0.5000, 0.5000, 0.5000,  ..., 0.5136, 0.6656, 0.5888],
        [0.5000, 0.5000, 0.5000,  ..., 0.5140, 0.6637, 0.5886],
        ...,
        [0.5000, 0.5000, 0.5000,  ..., 0.4501, 0.4996, 0.5714],
        [0.5000, 0.5000, 0.5000,  ..., 0.4505, 0.4997, 0.5719],
        [0.5000, 0.5000, 0.5000,  ..., 0.4506, 0.4998, 0.5719]])
tensor([[0.5000, 0.5000, 0.5000,  ..., 0.4891, 0.5247, 0.5542],
        [0.5000, 0.5000, 0.5000,  ..., 0.4882, 0.5263, 0.5548],
        [0.5000, 0.5000, 0.5000,  ..., 0.4870, 0.5274, 0.5563],
        ...,
        [0.5000, 0.5000, 0.5000,  ..., 0.4786, 0.6367, 0.5244],
        [0.5000, 0.5000, 0.5000,  ..., 0.4684, 0.6473, 0.5603],
        [0.5000, 0.5000, 0.5000,  ..., 0.4678, 0.6465, 0.5634]])
tensor([[0.5000, 0.5000, 0.5000,  ..., 0.5307, 0.6159, 0.5546],
        [0.5000, 0.5000, 0.5000,  ..., 0.5308, 0.6167, 0.5535],
        [0.5000, 0.5000, 0.5000,  ..., 0.5339, 0.6177, 0.5541],
        ...,
        [0.5000, 0.5000, 0.5000,  ..., 0.4902, 0.5250, 0.5535],
        [0.5000, 0.5000, 0.5000,  ..., 0.4914, 0.5255, 0.5546],
        [0.5000, 0.5000, 0.5000,  ..., 0.4913, 0.5258, 0.5554]])
tensor([[0.5000, 0.5000, 0.5000,  ..., 0.5556, 0.6311, 0.6071],
        [0.5000, 0.5000, 0.5000,  ..., 0.5549, 0.6323, 0.6087],
        [0.5000, 0.5000, 0.5000,  ..., 0.5595, 0.6326, 0.6115],
        ...,
        [0.5000, 0.5000, 0.5000,  ..., 0.5283, 0.6166, 0.5544],
        [0.5000, 0.5000, 0.5000,  ..., 0.5284, 0.6164, 0.5550],
        [0.5000, 0.5000, 0.5000,  ..., 0.5287, 0.6163, 0.5560]])
tensor([[0.5000, 0.5000, 0.5000,  ..., 0.4589, 0.5421, 0.5511],
        [0.5000, 0.5000, 0.5000,  ..., 0.4601, 0.5467, 0.5495],
        [0.5000, 0.5000, 0.5000,  ..., 0.4534, 0.5621, 0.5419],
        ...,
        [0.5000, 0.5000, 0.5000,  ..., 0.5506, 0.6244, 0.6037],
        [0.5000, 0.5000, 0.5000,  ..., 0.5508, 0.6270, 0.6036],
        [0.5000, 0.5000, 0.5000,  ..., 0.5520, 0.6285, 0.6050]])
tensor([[0.5000, 0.5000, 0.5000,  ..., 0.4389, 0.5103, 0.5562],
        [0.5000, 0.5000, 0.5000,  ..., 0.4396, 0.5100, 0.5563],
        [0.5000, 0.5000, 0.5000,  ..., 0.4487, 0.5130, 0.5512],
        ...,
        [0.5000, 0.5000, 0.5000,  ..., 0.4586, 0.5425, 0.5506],
        [0.5000, 0.5000, 0.5000,  ..., 0.4520, 0.5616, 0.5409],
        [0.5000, 0.5000, 0.5000,  ..., 0.4521, 0.5617, 0.5409]])
tensor([[0.5000, 0.5000, 0.5000,  ..., 0.4471, 0.4924, 0.5404],
        [0.5000, 0.5000, 0.5000,  ..., 0.4470, 0.4917, 0.5410],
        [0.5000, 0.5000, 0.5000,  ..., 0.4468, 0.4922, 0.5406],
        ...,
        [0.5000, 0.5000, 0.5000,  ..., 0.4068, 0.5059, 0.5778],
        [0.5000, 0.5000, 0.5000,  ..., 0.4144, 0.5012, 0.5785],
        [0.5000, 0.5000, 0.5000,  ..., 0.4273, 0.4998, 0.5695]])
tensor([[0.5000, 0.5000, 0.5000,  ..., 0.5749, 0.6305, 0.5797],
        [0.5000, 0.5000, 0.5000,  ..., 0.5396, 0.6229, 0.5866],
        [0.5000, 0.5000, 0.5000,  ..., 0.5287, 0.5963, 0.5893],
        ...,
        [0.5000, 0.5000, 0.5000,  ..., 0.4474, 0.4921, 0.5415],
        [0.5000, 0.5000, 0.5000,  ..., 0.4473, 0.4923, 0.5414],
        [0.5000, 0.5000, 0.5000,  ..., 0.4469, 0.4916, 0.5416]])
tensor([[0.5000, 0.5000, 0.5000,  ..., 0.5066, 0.6320, 0.6562],
        [0.5000, 0.5000, 0.5000,  ..., 0.5072, 0.6330, 0.6538],
        [0.5000, 0.5000, 0.5000,  ..., 0.5080, 0.6306, 0.6536],
        ...,
        [0.5000, 0.5000, 0.5000,  ..., 0.5398, 0.6120, 0.5807],
        [0.5000, 0.5000, 0.5000,  ..., 0.5421, 0.6117, 0.5814],
        [0.5000, 0.5000, 0.5000,  ..., 0.5343, 0.6100, 0.5875]])
tensor([[0.5000, 0.5000, 0.5000,  ..., 0.5572, 0.6182, 0.6181],
        [0.5000, 0.5000, 0.5000,  ..., 0.5515, 0.6305, 0.6143],
        [0.5000, 0.5000, 0.5000,  ..., 0.5590, 0.6179, 0.6105],
        ...,
        [0.5000, 0.5000, 0.5000,  ..., 0.5082, 0.6276, 0.6586],
        [0.5000, 0.5000, 0.5000,  ..., 0.5075, 0.6273, 0.6584],
        [0.5000, 0.5000, 0.5000,  ..., 0.5062, 0.6268, 0.6562]])
tensor([[0.5000, 0.5000, 0.5000,  ..., 0.6542, 0.6016, 0.6011],
        [0.5000, 0.5000, 0.5000,  ..., 0.6417, 0.5725, 0.6023],
        [0.5000, 0.5000, 0.5000,  ..., 0.6430, 0.5643, 0.5993],
        ...,
        [0.5000, 0.5000, 0.5000,  ..., 0.5500, 0.6353, 0.6178],
        [0.5000, 0.5000, 0.5000,  ..., 0.5496, 0.6349, 0.6241],
        [0.5000, 0.5000, 0.5000,  ..., 0.5509, 0.6175, 0.6192]])
tensor([[0.5000, 0.5000, 0.5000,  ..., 0.4705, 0.6449, 0.6297],
        [0.5000, 0.5000, 0.5000,  ..., 0.4669, 0.6507, 0.6355],
        [0.5000, 0.5000, 0.5000,  ..., 0.4649, 0.6538, 0.6363],
        ...,
        [0.5000, 0.5000, 0.5000,  ..., 0.5401, 0.5005, 0.6291],
        [0.5000, 0.5000, 0.5000,  ..., 0.4676, 0.5147, 0.6382],
        [0.5000, 0.5000, 0.5000,  ..., 0.4403, 0.5142, 0.6381]])
tensor([[0.5000, 0.5000, 0.5000,  ..., 0.4426, 0.4538, 0.5265],
        [0.5000, 0.5000, 0.5000,  ..., 0.4436, 0.4554, 0.5266],
        [0.5000, 0.5000, 0.5000,  ..., 0.4443, 0.4543, 0.5259],
        ...,
        [0.5000, 0.5000, 0.5000,  ..., 0.4557, 0.6453, 0.5051],
        [0.5000, 0.5000, 0.5000,  ..., 0.4538, 0.6503, 0.5099],
        [0.5000, 0.5000, 0.5000,  ..., 0.4497, 0.6270, 0.5405]])
tensor([[0.5000, 0.5000, 0.5000,  ..., 0.4709, 0.4609, 0.5441],
        [0.5000, 0.5000, 0.5000,  ..., 0.4782, 0.4638, 0.5450],
        [0.5000, 0.5000, 0.5000,  ..., 0.4698, 0.4743, 0.5357],
        ...,
        [0.5000, 0.5000, 0.5000,  ..., 0.4421, 0.4552, 0.5264],
        [0.5000, 0.5000, 0.5000,  ..., 0.4418, 0.4588, 0.5251],
        [0.5000, 0.5000, 0.5000,  ..., 0.4431, 0.4536, 0.5265]])
tensor([[0.5000, 0.5000, 0.5000,  ..., 0.4434, 0.4796, 0.5945],
        [0.5000, 0.5000, 0.5000,  ..., 0.4480, 0.4780, 0.5916],
        [0.5000, 0.5000, 0.5000,  ..., 0.4482, 0.4805, 0.5839],
        ...,
        [0.5000, 0.5000, 0.5000,  ..., 0.4592, 0.4670, 0.5338],
        [0.5000, 0.5000, 0.5000,  ..., 0.4703, 0.4641, 0.5390],
        [0.5000, 0.5000, 0.5000,  ..., 0.4662, 0.4673, 0.5387]])
tensor([[0.5000, 0.5000, 0.5000,  ..., 0.4143, 0.4564, 0.5284],
        [0.5000, 0.5000, 0.5000,  ..., 0.4120, 0.4546, 0.5301],
        [0.5000, 0.5000, 0.5000,  ..., 0.4080, 0.4580, 0.5286],
        ...,
        [0.5000, 0.5000, 0.5000,  ..., 0.4466, 0.5293, 0.6183],
        [0.5000, 0.5000, 0.5000,  ..., 0.4553, 0.5130, 0.6196],
        [0.5000, 0.5000, 0.5000,  ..., 0.4388, 0.4841, 0.5977]])
tensor([[0.5000, 0.5000, 0.5000,  ..., 0.4526, 0.4489, 0.5055],
        [0.5000, 0.5000, 0.5000,  ..., 0.4511, 0.4475, 0.5048],
        [0.5000, 0.5000, 0.5000,  ..., 0.4496, 0.4484, 0.5090],
        ...,
        [0.5000, 0.5000, 0.5000,  ..., 0.4260, 0.4642, 0.5190],
        [0.5000, 0.5000, 0.5000,  ..., 0.4255, 0.4577, 0.5240],
        [0.5000, 0.5000, 0.5000,  ..., 0.4213, 0.4567, 0.5272]])
tensor([[0.5000, 0.5000, 0.5000,  ..., 0.4761, 0.6030, 0.5792],
        [0.5000, 0.5000, 0.5000,  ..., 0.4758, 0.6040, 0.5797],
        [0.5000, 0.5000, 0.5000,  ..., 0.4787, 0.6011, 0.5796],
        ...,
        [0.5000, 0.5000, 0.5000,  ..., 0.4516, 0.4496, 0.5069],
        [0.5000, 0.5000, 0.5000,  ..., 0.4520, 0.4465, 0.5069],
        [0.5000, 0.5000, 0.5000,  ..., 0.4507, 0.4552, 0.5080]])
tensor([[0.5000, 0.5000, 0.5000,  ..., 0.4237, 0.5953, 0.5947],
        [0.5000, 0.5000, 0.5000,  ..., 0.4234, 0.5970, 0.5961],
        [0.5000, 0.5000, 0.5000,  ..., 0.4222, 0.5992, 0.5940],
        ...,
        [0.5000, 0.5000, 0.5000,  ..., 0.4764, 0.6028, 0.5786],
        [0.5000, 0.5000, 0.5000,  ..., 0.4762, 0.6015, 0.5774],
        [0.5000, 0.5000, 0.5000,  ..., 0.4764, 0.6021, 0.5781]])
tensor([[0.5000, 0.5000, 0.5000,  ..., 0.4478, 0.4460, 0.5012],
        [0.5000, 0.5000, 0.5000,  ..., 0.4529, 0.4399, 0.5049],
        [0.5000, 0.5000, 0.5000,  ..., 0.4508, 0.4464, 0.5066],
        ...,
        [0.5000, 0.5000, 0.5000,  ..., 0.4301, 0.5957, 0.5925],
        [0.5000, 0.5000, 0.5000,  ..., 0.4285, 0.5944, 0.5923],
        [0.5000, 0.5000, 0.5000,  ..., 0.4195, 0.5949, 0.5945]])
tensor([[0.5000, 0.5000, 0.5000,  ..., 0.4652, 0.4511, 0.5193],
        [0.5000, 0.5000, 0.5000,  ..., 0.4676, 0.4686, 0.5139],
        [0.5000, 0.5000, 0.5000,  ..., 0.4682, 0.4676, 0.5148],
        ...,
        [0.5000, 0.5000, 0.5000,  ..., 0.4498, 0.4509, 0.5005],
        [0.5000, 0.5000, 0.5000,  ..., 0.4450, 0.4428, 0.5003],
        [0.5000, 0.5000, 0.5000,  ..., 0.4453, 0.4432, 0.5003]])
tensor([[0.5000, 0.5000, 0.5000,  ..., 0.4234, 0.5911, 0.5755],
        [0.5000, 0.5000, 0.5000,  ..., 0.4117, 0.5952, 0.5726],
        [0.5000, 0.5000, 0.5000,  ..., 0.4273, 0.5909, 0.5725],
        ...,
        [0.5000, 0.5000, 0.5000,  ..., 0.4665, 0.4676, 0.5130],
        [0.5000, 0.5000, 0.5000,  ..., 0.4661, 0.4459, 0.5193],
        [0.5000, 0.5000, 0.5000,  ..., 0.4662, 0.4588, 0.5177]])
tensor([[0.5000, 0.5000, 0.5000,  ..., 0.4367, 0.4872, 0.5697],
        [0.5000, 0.5000, 0.5000,  ..., 0.4428, 0.4866, 0.5615],
        [0.5000, 0.5000, 0.5000,  ..., 0.4444, 0.4856, 0.5636],
        ...,
        [0.5000, 0.5000, 0.5000,  ..., 0.4168, 0.6057, 0.5670],
        [0.5000, 0.5000, 0.5000,  ..., 0.4161, 0.5996, 0.5660],
        [0.5000, 0.5000, 0.5000,  ..., 0.4203, 0.5916, 0.5682]])
tensor([[0.5000, 0.5000, 0.5000,  ..., 0.4961, 0.7210, 0.6761],
        [0.5000, 0.5000, 0.5000,  ..., 0.4877, 0.7316, 0.6712],
        [0.5000, 0.5000, 0.5000,  ..., 0.4870, 0.7328, 0.6712],
        ...,
        [0.5000, 0.5000, 0.5000,  ..., 0.4511, 0.4798, 0.5250],
        [0.5000, 0.5000, 0.5000,  ..., 0.4502, 0.4869, 0.5321],
        [0.5000, 0.5000, 0.5000,  ..., 0.4484, 0.4946, 0.5402]])
tensor([[0.5000, 0.5000, 0.5000,  ..., 0.4345, 0.5018, 0.5573],
        [0.5000, 0.5000, 0.5000,  ..., 0.4347, 0.5015, 0.5578],
        [0.5000, 0.5000, 0.5000,  ..., 0.4347, 0.5030, 0.5585],
        ...,
        [0.5000, 0.5000, 0.5000,  ..., 0.4780, 0.6384, 0.5344],
        [0.5000, 0.5000, 0.5000,  ..., 0.4760, 0.6373, 0.5318],
        [0.5000, 0.5000, 0.5000,  ..., 0.4742, 0.6377, 0.5306]])
tensor([[0.5000, 0.5000, 0.5000,  ..., 0.4728, 0.5269, 0.6126],
        [0.5000, 0.5000, 0.5000,  ..., 0.4698, 0.5301, 0.6207],
        [0.5000, 0.5000, 0.5000,  ..., 0.4759, 0.5354, 0.6302],
        ...,
        [0.5000, 0.5000, 0.5000,  ..., 0.4408, 0.5074, 0.5556],
        [0.5000, 0.5000, 0.5000,  ..., 0.4384, 0.5051, 0.5562],
        [0.5000, 0.5000, 0.5000,  ..., 0.4356, 0.5031, 0.5569]])
tensor([[0.5000, 0.5000, 0.5000,  ..., 0.3355, 0.5397, 0.7297],
        [0.5000, 0.5000, 0.5000,  ..., 0.4004, 0.5389, 0.7226],
        [0.5000, 0.5000, 0.5000,  ..., 0.4244, 0.5211, 0.7083],
        ...,
        [0.5000, 0.5000, 0.5000,  ..., 0.4724, 0.5109, 0.5878],
        [0.5000, 0.5000, 0.5000,  ..., 0.4741, 0.5172, 0.5924],
        [0.5000, 0.5000, 0.5000,  ..., 0.4749, 0.5225, 0.6023]])
tensor([[0.5000, 0.5000, 0.5000,  ..., 0.4034, 0.6412, 0.5868],
        [0.5000, 0.5000, 0.5000,  ..., 0.3955, 0.6169, 0.5960],
        [0.5000, 0.5000, 0.5000,  ..., 0.3953, 0.6097, 0.5978],
        ...,
        [0.5000, 0.5000, 0.5000,  ..., 0.3793, 0.5981, 0.7272],
        [0.5000, 0.5000, 0.5000,  ..., 0.3672, 0.5896, 0.7149],
        [0.5000, 0.5000, 0.5000,  ..., 0.3428, 0.5681, 0.7156]])
tensor([[0.5000, 0.5000, 0.5000,  ..., 0.4810, 0.4742, 0.5191],
        [0.5000, 0.5000, 0.5000,  ..., 0.4433, 0.4425, 0.4980],
        [0.5000, 0.5000, 0.5000,  ..., 0.4401, 0.4542, 0.5192],
        ...,
        [0.5000, 0.5000, 0.5000,  ..., 0.3988, 0.6542, 0.5430],
        [0.5000, 0.5000, 0.5000,  ..., 0.3853, 0.6238, 0.5618],
        [0.5000, 0.5000, 0.5000,  ..., 0.4079, 0.6401, 0.5678]])
tensor([[0.5000, 0.5000, 0.5000,  ..., 0.4993, 0.4902, 0.5335],
        [0.5000, 0.5000, 0.5000,  ..., 0.4977, 0.4527, 0.5362],
        [0.5000, 0.5000, 0.5000,  ..., 0.5076, 0.5325, 0.5445],
        ...,
        [0.5000, 0.5000, 0.5000,  ..., 0.4708, 0.4888, 0.5154],
        [0.5000, 0.5000, 0.5000,  ..., 0.4773, 0.4754, 0.5191],
        [0.5000, 0.5000, 0.5000,  ..., 0.4757, 0.4758, 0.5185]])
tensor([[0.5000, 0.5000, 0.5000,  ..., 0.4377, 0.4608, 0.4980],
        [0.5000, 0.5000, 0.5000,  ..., 0.4376, 0.4611, 0.4978],
        [0.5000, 0.5000, 0.5000,  ..., 0.4653, 0.4935, 0.5160],
        ...,
        [0.5000, 0.5000, 0.5000,  ..., 0.4506, 0.4948, 0.5120],
        [0.5000, 0.5000, 0.5000,  ..., 0.5053, 0.4753, 0.5278],
        [0.5000, 0.5000, 0.5000,  ..., 0.5034, 0.4757, 0.5298]])
tensor([[0.5000, 0.5000, 0.5000,  ..., 0.5494, 0.5638, 0.6618],
        [0.5000, 0.5000, 0.5000,  ..., 0.5482, 0.5592, 0.6601],
        [0.5000, 0.5000, 0.5000,  ..., 0.5512, 0.5445, 0.6720],
        ...,
        [0.5000, 0.5000, 0.5000,  ..., 0.4614, 0.4976, 0.5093],
        [0.5000, 0.5000, 0.5000,  ..., 0.4575, 0.4807, 0.5089],
        [0.5000, 0.5000, 0.5000,  ..., 0.4570, 0.4828, 0.5084]])
tensor([[0.5000, 0.5000, 0.5000,  ..., 0.4725, 0.4838, 0.5224],
        [0.5000, 0.5000, 0.5000,  ..., 0.4703, 0.4815, 0.5217],
        [0.5000, 0.5000, 0.5000,  ..., 0.4712, 0.4812, 0.5231],
        ...,
        [0.5000, 0.5000, 0.5000,  ..., 0.5480, 0.5619, 0.6554],
        [0.5000, 0.5000, 0.5000,  ..., 0.5465, 0.5558, 0.6546],
        [0.5000, 0.5000, 0.5000,  ..., 0.5474, 0.5557, 0.6569]])
tensor([[0.5000, 0.5000, 0.5000,  ..., 0.4389, 0.4780, 0.5223],
        [0.5000, 0.5000, 0.5000,  ..., 0.4384, 0.4787, 0.5235],
        [0.5000, 0.5000, 0.5000,  ..., 0.4362, 0.4828, 0.5249],
        ...,
        [0.5000, 0.5000, 0.5000,  ..., 0.4731, 0.4823, 0.5223],
        [0.5000, 0.5000, 0.5000,  ..., 0.4731, 0.4831, 0.5226],
        [0.5000, 0.5000, 0.5000,  ..., 0.4733, 0.4855, 0.5223]])
tensor([[0.5000, 0.5000, 0.5000,  ..., 0.4045, 0.6551, 0.6794],
        [0.5000, 0.5000, 0.5000,  ..., 0.4005, 0.6690, 0.6797],
        [0.5000, 0.5000, 0.5000,  ..., 0.3996, 0.6666, 0.6779],
        ...,
        [0.5000, 0.5000, 0.5000,  ..., 0.4477, 0.4789, 0.5084],
        [0.5000, 0.5000, 0.5000,  ..., 0.4413, 0.4785, 0.5200],
        [0.5000, 0.5000, 0.5000,  ..., 0.4398, 0.4780, 0.5212]])
tensor([[0.5000, 0.5000, 0.5000,  ..., 0.3891, 0.7595, 0.6239],
        [0.5000, 0.5000, 0.5000,  ..., 0.3783, 0.7814, 0.6301],
        [0.5000, 0.5000, 0.5000,  ..., 0.3768, 0.7775, 0.6320],
        ...,
        [0.5000, 0.5000, 0.5000,  ..., 0.4395, 0.5764, 0.6490],
        [0.5000, 0.5000, 0.5000,  ..., 0.4126, 0.6188, 0.6898],
        [0.5000, 0.5000, 0.5000,  ..., 0.4137, 0.6406, 0.7030]])
tensor([[0.5000, 0.5000, 0.5000,  ..., 0.4336, 0.5931, 0.6668],
        [0.5000, 0.5000, 0.5000,  ..., 0.4359, 0.5835, 0.6489],
        [0.5000, 0.5000, 0.5000,  ..., 0.4382, 0.5627, 0.6455],
        ...,
        [0.5000, 0.5000, 0.5000,  ..., 0.3990, 0.7310, 0.5691],
        [0.5000, 0.5000, 0.5000,  ..., 0.3760, 0.7460, 0.5893],
        [0.5000, 0.5000, 0.5000,  ..., 0.3934, 0.7557, 0.6072]])
tensor([[0.5000, 0.5000, 0.5000,  ..., 0.4260, 0.4710, 0.5242],
        [0.5000, 0.5000, 0.5000,  ..., 0.4283, 0.4680, 0.5169],
        [0.5000, 0.5000, 0.5000,  ..., 0.4259, 0.4530, 0.5109],
        ...,
        [0.5000, 0.5000, 0.5000,  ..., 0.4127, 0.6232, 0.6492],
        [0.5000, 0.5000, 0.5000,  ..., 0.4297, 0.6096, 0.6599],
        [0.5000, 0.5000, 0.5000,  ..., 0.4306, 0.6001, 0.6787]])
tensor([[0.5000, 0.5000, 0.5000,  ..., 0.5620, 0.7003, 0.6437],
        [0.5000, 0.5000, 0.5000,  ..., 0.5630, 0.7018, 0.6430],
        [0.5000, 0.5000, 0.5000,  ..., 0.5664, 0.7071, 0.6396],
        ...,
        [0.5000, 0.5000, 0.5000,  ..., 0.4546, 0.6859, 0.6288],
        [0.5000, 0.5000, 0.5000,  ..., 0.4560, 0.6845, 0.6295],
        [0.5000, 0.5000, 0.5000,  ..., 0.4332, 0.6834, 0.6450]])
