Epoch-wise Training Summary - 20250827_160318
============================================================
Training Args: Namespace(backbone='resnet18', num_joints=15, init_imagenet=False, learning_rate=0.001, clip_value=1.0, num_epochs=25, batch_size=8, num_workers=4, log_step=10, save_interval=5, crop_size=224)
============================================================

Epoch | Train Loss | Confidence | LR
--------------------------------------------------
    1 |   0.051169 |     0.7585 | 0.000100
    2 |   0.032242 |     0.8618 | 0.000100
    3 |   0.027196 |     0.8908 | 0.000100
    4 |   0.024569 |     0.9061 | 0.000100
    5 |   0.022527 |     0.9178 | 0.000100
    6 |   0.021163 |     0.9258 | 0.000100
    7 |   0.019839 |     0.9336 | 0.000100
    8 |   0.018838 |     0.9394 | 0.000100
    9 |   0.017989 |     0.9445 | 0.000100
   10 |   0.017197 |     0.9490 | 0.000100
   11 |   0.016520 |     0.9529 | 0.000100
   12 |   0.015902 |     0.9565 | 0.000100
   13 |   0.015313 |     0.9599 | 0.000100
   14 |   0.014878 |     0.9624 | 0.000100
   15 |   0.014692 |     0.9636 | 0.000100
   16 |   0.014236 |     0.9660 | 0.000100
   17 |   0.013794 |     0.9685 | 0.000100
   18 |   0.013549 |     0.9699 | 0.000100
   19 |   0.013144 |     0.9720 | 0.000100
   20 |   0.013064 |     0.9725 | 0.000100
   21 |   0.012713 |     0.9743 | 0.000100
   22 |   0.012500 |     0.9754 | 0.000100
   23 |   0.012310 |     0.9764 | 0.000100
   24 |   0.012200 |     0.9770 | 0.000100
   25 |   0.012003 |     0.9780 | 0.000100

==================================================
Best Epoch: 25
Best Train Loss: 0.012003
Final Confidence: 0.9780
Training completed at: 2025-08-28 16:25:32
